1000
19677
178405
268799
621594
996299
831158
377982
202905
164469
709550
220467
233377
439344
792592
211921
8207
879374
978408
996806
263074
89491
462836
100204
211693
858579
134830
928302
52826
771991
769257
819817
281857
8288
895226
789250
185452
686626
215304
534313
174322
865334
401640
386113
320120
388100
513011
610178
226557
951785
371165
487742
201602
362164
714396
131554
88240
7830
96796
142702
467549
901066
625638
405376
510448
694703
577622
20159
77393
810470
616530
733632
388431
212280
808552
241106
369845
800059
75100
235527
572644
653136
355274
384371
391035
862840
497413
363402
414356
269260
475394
115558
399830
703692
381667
747424
66258
237313
250452
895399
260822
597371
364430
493717
45820
708412
98100
435069
370334
59292
923520
99323
959927
405778
112779
989913
540851
880948
448211
764831
477169
546700
826670
61856
750252
370048
10801
990937
151265
834121
467186
545242
358021
971957
538678
172117
489493
612262
337159
189443
518975
245819
965994
18825
344978
534603
851053
582471
154618
487206
113280
962354
655148
474050
895338
627472
923812
378767
559664
874248
18963
88309
564754
215816
70587
704860
609739
590257
618258
426948
203835
958568
785481
142119
356038
247286
654205
48852
903900
5954
287140
193378
484058
565043
367837
447623
512420
396222
808011
220468
382164
877821
927769
282372
193120
181313
705566
497057
496063
244465
47614
409178
980074
278802
758786
723696
491975
769677
985371
568193
153449
721447
283672
936948
353135
450046
998268
992194
768705
796895
352159
882326
811947
893976
396872
618216
4213
246068
759561
259643
164148
879058
741031
367896
510959
971227
43849
573317
358568
950125
28338
523363
233869
639998
515015
29959
973767
527501
191679
352943
473459
745672
66541
851419
961125
327083
314911
768951
720064
770483
748343
795116
408842
125620
67792
107717
988526
528429
818852
759354
999358
289547
797825
936483
432223
464631
752766
76393
411375
1301
247461
267529
540689
89556
988102
284340
723340
284634
743659
858118
569853
965098
57184
319897
902160
616443
577480
743794
903028
65119
694882
403057
747255
464594
650959
485086
210861
228420
44509
533152
667135
210082
708132
57598
143949
210244
870034
760
763097
109716
741078
57849
494330
391910
773081
193712
509158
123742
352089
713024
353548
453631
504849
619654
947756
277271
614720
789110
257331
842121
44242
379430
481230
49806
356581
162159
784219
699084
324775
203410
393101
931143
871275
957932
114839
423577
112955
443427
605213
712506
970411
566374
45012
556119
273481
860798
548571
688362
6225
617648
393528
373193
831871
263510
718644
444971
224375
531948
383150
578010
48809
197374
189118
714402
819249
628554
751540
841822
354036
939698
690371
696403
573536
4850
952567
957746
557349
719375
848836
764212
284401
92159
916351
773437
791296
835563
913745
813806
252802
542934
195954
631835
534628
118018
124640
491316
344034
940626
208646
836406
423109
669618
164435
325131
160841
792565
386244
341387
480278
113656
191951
667368
381351
451111
912154
410003
188450
545050
689021
464604
826771
371837
727019
970736
578776
236300
988780
207756
828181
806631
986961
901207
770472
419889
270995
101176
88808
472106
446036
618184
143673
827693
524748
57687
140496
926736
642191
599706
229281
756565
849513
844286
112083
619465
99352
552447
321687
679511
186262
952725
238050
3147
506244
953234
898780
23706
413295
8184
777007
75125
381468
601030
777514
895027
644043
464216
89422
542507
494937
626455
402134
388188
904440
752924
643252
553111
531812
488536
658035
435954
975995
280192
547116
554373
952385
200852
68999
19921
589471
965510
988632
335023
355364
800689
751729
118866
702012
457973
413219
782997
332436
321442
44454
17202
975040
11785
882468
619142
478074
672128
20333
609392
136689
180124
130339
505320
439730
114406
969849
577714
630408
999409
481538
449681
651597
569098
561303
240598
566568
858468
113017
165669
524771
947036
186538
181501
925358
622054
250527
789071
966976
295298
716132
813934
835468
235488
12865
253353
906622
806136
644340
285159
232100
382307
4050
356623
509221
606725
968597
709989
110157
116234
466232
792107
287564
198951
989805
564029
540737
764026
66814
227604
711038
658544
618659
104206
601819
542483
25764
202580
448307
668270
557877
220843
148635
257062
240753
741977
287582
433795
683308
206906
172893
835554
347424
455223
324272
365282
413019
962760
312521
922250
714068
921507
700730
390380
885360
406640
747625
739846
141546
117933
447457
562690
208872
722808
471207
291228
121655
78940
474357
94233
177188
556257
567817
114426
644008
148874
32435
514872
125358
717829
17909
28604
326991
885976
665673
720412
622933
493043
9089
768737
469421
461243
708434
683862
62721
416873
360942
123108
918450
198934
97015
239575
892275
949513
511115
547416
861868
526057
292459
179885
820106
197908
131642
774903
203881
545439
961545
497967
123404
987499
225005
779360
778315
108725
270332
928601
276043
633353
207427
144780
855044
96681
869448
412617
332215
802884
478518
545927
74990
682692
588881
686075
727051
722689
541435
698308
580392
635217
559085
523195
887691
714908
872304
377754
944281
139106
892397
333468
437
240235
696714
445927
488729
493370
683172
39650
238814
510617
837019
72112
205904
394357
200234
126765
772129
64427
834598
93161
280062
969519
824184
618443
809687
473777
31711
16188
931383
814846
191124
602304
328472
825411
963846
335022
977855
254357
600689
762590
36659
226205
72981
105914
100815
879704
704398
161511
741589
132739
965726
20113
688477
674145
495945
813284
73071
423611
48606
2370
107242
236230
162258
573887
78374
193994
31886
946510
860353
411890
420412
517740
311490
606632
971489
485233
765392
286606
536258
497098
576399
362810
324530
199234
831809
234644
243952
742986
691496
834799
346871
214379
93813
316772
777153
391117
187490
185744
340840
647950
981193
501885
133987
14430
292199
191410
10193
870173
379160
363561
529058
120046
35087
620963
126068
840756
42344
932833
348053
719209
883571
989578
181977
899506
760057
307360
299495
861967
686610
229376
700142
913620
242170
621414
897587
475475
50099
634869
90815
983908
233061
588121
919238
586598
699888
437670
405243
115798
966103
750661
687600
969190
792058
494036
222488
802240
260910
250621
255824
558592
649874
962006
253235
350736
527478
22812
246173
575022
673090
959000
954839
883749
514208
318027
716130
639177
497811
290037
669200
633388
405633
122717
188093
935187
118037
977366
634958
213197
529253
656028
163259
308020
979550
621729
918679
833117
793420
807759
993552
794159
187297
759178
169195
654646
472231
161495
53646
118347
357419
235601
587430
985258
723359
57199
738976
691164
262034
809662
601701
331975
555079
181439
505100
973068
397629
82360
536985
485971
772318
651637
913046
801203
812180
621096
492073
656418
875101
672029
867650
582909
187635
332530
366039
335908
418702
157230
568953
698450
512181
840632
997936
854476
597426
723093
584260
597307
503611
945233
279696
139200
694524
